6666666666666666666666666666666666666666666666666666666666666666666666666
6666666666666666666666666666666666666666666666666666666666666666666666666
6666666666666666666666667777776666666666666666676666666666666666666666666
6666666666666666666666677777766666666666666666666777666666666666666666666
6666666666666666666777666666666666666666666666666677776666666666666666666
6666666666666666667766666666666666666666666666667777777766666666666666666
6666666666666666677666666666666666666666666666677777777777666666666666666
6666666666666667777766666666666666666666666666666666667767666666666666666
6666666666666667777777666666666666666666666666666666666777666666666666666
6666666666666667766666666666666666666666666666666666666676666666666666666
6666666666666667666666666666666766666666666666666666666667666666666666666
6666666666666667666666666666667776776666666666666666666666766666666666666
6666666666666667666666666666677777777666666666666666666666766666666666666
6666666666666667666666666667777777677776667666776666666666666666666666666
6666666677666666666666666677776667777777777776677666666666666666666666666
6666666666666666666666666776666677777777777776666676666666666666666666666
6666666666666666666666666766666667777777777766677766666666666666666666666
6666666666666666666666667777777777777777777776677767666666666666666666666
6666666666666666666666667777777777777777777777777777666666666666666666666
6666666666666666666666666777777777777777777777777776666666666666666666666
6666666666666666666666666677777777777777777777777776666666666666666666666
6666666666666666666666666666677777777777777777777766666666666666666666666
6666666666666666666666666666667777777777777777777766666666666666666666666
6666666666666666666666666666667777777777777777777666666666666666666666666
6666666666767666666666666666667777777777777777766666666666666666666666666
6666666666666666666666666666667777777777777666666666666666666666666666666
6666666666666666666666666677677777777777776666666666666666666666666666666
6666666666677777777666666666677777777776777777777777776666666666666666666
6666666776677777776666777776777777777767777777777777777766666666666666666
6666666666667777776666777777777777777777777777777777777667666666666666666
6666666666666777776666777777777777777777777777777777776666766666666666666
6666666666666667776666777777777777777777777777777777776666666666666666666
6666666666666666776666777777777777777777777777777777766666666666666666666
6666666666666666666666677777777777777777777777777777666666666666666666666
6666666666666666666666777777777777777777777777777766666666666666666666666
6666666666666666666666677777777777777777777777777666666666666666666666666
6666666666666666666666666777777777777777777777766666666666666666666666666
6666666666666666666666667777777777777777777777776666666666666666666666666
6666666666666666666666667777777777777777777777776666666666666666666666666
6666666666666666666666667777777776666677777777766666666666666666666666666
6666666666666666666667667777777776666677777777666666666666666666666666666
6666666666666666666677777777777776666777777777777666666666666666666666666
6666666666666666666777777777777766666677777777777666666666666666666666666
6666666666666666666777777777777776667777777777777766666666666666666666666
6666666666666666666777777777776676667777777777777766666666666666666666666
